7.0
size!!! 128
Struct2vec
Average:  0.5265795716529119
Hada:  0.5182932941294397
L1:  0.5327274549767784
L2:  0.5360686959136622
DeepWalk
Average:  0.5246082395001503
Hada:  0.5051956296568546
L1:  0.5231380934879214
L2:  0.508236158909419
LINE
Average:  0.5130809582679007
Hada:  0.47910053793979085
L1:  0.4458217782084266
L2:  0.4772962678338736
Node2Vec
Average:  0.5191954291823984
Hada:  0.5403788967222427
L1:  0.5154866517424571
L2:  0.5277155935714525
